00000011001000000000000010010011
00000000000000000000000000010011
00000000000000000000000000010011
00000000000000000000000000010011
00000000000000000000000000010011
00000001001000000000000100010011
00000000000000000000000000010011
00000000000000000000000000010011
00000000000000000000000000010011
00000000000000000000000000010011
01000000001000001000000110110011
00000000000000000000000000010011
00000000000000000000000000010011
00000000000000000000000000010011
00000000000000000000000000010011
00000000001100001000001000110011
00000000000000000000000000010011
00000000000000000000000000010011
00000000000000000000000000010011
00000000000000000000000000010011
00000000010000001110001010110011
00000000000000000000000000010011
00000000000000000000000000010011
00000000000000000000000000010011
00000000000000000000000000010011
00000000010000010111001100110011
00000000000000000000000000010011
00000000000000000000000000010011
00000000000000000000000000010011
00000000000000000000000000010011
00000001011100000000000010010011
00000000110100000000000100010011
00000001000000000000000110010011
00000000000000000000000000010011
00000000000000000000000000010011
00000000001100010110001000110011
01000000001000001000001010110011
00000000010100001000001100110011
00000000000000000000000000010011
00000000010100011110001110110011
00000000000000000000000000010011
00000000000000000000000000010011
00000000001000111111010000110011
00000000000000000000000000010011
00000000000000000000000000010011
00000000100000110100010010110011
00000011110000010000000100010011
00000000000000000000000000010011
00000000000000000000000000010011
00000000001000000010000000100011
00000010100000001000000010010011
00000011001000010000000100010011
00000000000000000000000000010011
00000000000000000000000000010011
00000000001000001010000110110011
00000000000100001000000110010011
00000000000000000000000000010011
00000000000000000000000000010011
00000001000000010010000010000011
00000010100000001010000010010011
00000000010100010000000100010011
00000001011100000000000010010011
00000000110100000000000100010011
00000001000000000000000110010011
00000000001100010110001000110011
01000000001000001000001010110011
00000000010100001000001100110011
00000000010100011110001110110011
00000000001000111111010000110011
00000000100000110100010010110011
00000000011000010000000100010011
00000000000000000000000000010011
00000000000100010001000100010011
00000010100000001000000010010011
00000011001000010000000100010011
00000000001000001010000110110011
00000000010100000000000010010011
00000000011000000000000010010011
00000000010000001000000100010011
00000001000000010010000010000011
00000000000100010000000110110011
00000000000100001000010001100011
00000000010100100000001000010011
00000000010100011000000110010011
00000000100000000000000011101111
00000000010100100000001000010011
00000000010100011000000110010011

